0.007554321
0.006420000
0.006420000
0.006420000
0.006420000
0.006420000
0.006420000
0.006420000
0.006420000
0.006420000
0.006420000
0.006420000
0.006420000
0.006420000
0.006420000
0.006420000
0.006420000
0.006420000
0.006420000
0.006420000
0.006420000
0.006420000
0.006420000
0.006420000
0.006420000
0.005310000
0.005310000
0.005310000
0.005310000
0.005310000
0.005310000
0.005310000
0.005310000
0.005310000
0.005310000
0.005310000
0.005310000
0.005310000
0.005310000
0.005310000
0.005310000
0.005310000
0.005310000
0.005310000
0.005310000
0.005310000
0.005310000
0.005310000
0.005310000
0.005310000
0.005310000
0.005310000
0.005310000
0.005310000
0.005310000
0.005310000
0.005310000
0.005310000
0.005310000
0.004210000
0.004210000
0.004210000
0.004210000
0.004210000
0.004210000
0.004210000
0.004210000
0.004210000
0.004210000
0.004210000
0.004210000
0.004210000
0.004210000
0.004210000
0.004210000
0.004210000
0.004209900
0.004032669
0.004030875
0.004029082
0.004027288
0.004027288
0.004023700
0.004021906
0.004020112
0.004016524
0.004014730
0.004011143
0.004009349
0.004003967
0.004002173
0.004000379
0.004000379
0.004000379
0.003998585
0.003998585
0.003996792
0.003994998
0.003994998
0.003994998
0.003993204
0.003989616
0.003987822
0.003987822
0.003986028
0.003986028
0.003986028
0.003984234
0.003982440
0.003978853
0.003973471
0.003971677
0.003968089
0.003964501
0.003962708
0.003960914
0.003960914
0.003960914
0.003959120
0.003955532
0.003953738
0.003953738
0.003951944
0.003948356
0.003948356
0.003948356
0.003948356
0.003946563
0.003941181
0.003941181
0.003939387
0.003935799
0.003934005
0.003934005
0.003930417
0.003928624
0.003926830
0.003844311
0.003844311
0.003844311
0.003842517
0.003840723
0.003837135
0.003835341
0.003835341
0.003831753
0.003831753
0.003829960
0.003826372
0.003826372
0.003826372
0.003826372
0.003824578
0.003822784
0.003822784
0.003822784
0.003820990
0.003819196
0.003815608
0.003813814
0.003810227
0.003810227
0.003810227
0.003804845
0.003804845
0.003804845
0.003801257
0.003799463
0.003799463
0.003797669
0.003797669
0.003795876
0.003792288
0.003788700
0.003715051
0.003713258
0.003711464
0.003707876
0.003707876
0.003704288
0.003702494
0.003700700
0.003693525
0.003684555
0.003682761
0.003673792
0.003671998
0.003670204
0.003666616
0.003659441
0.003657647
0.003645090
0.003639708
0.003621769
0.003618181
0.003609212
0.002100000
0.002100000
0.002100000
0.002100000
0.002100000
0.002100000
0.002100000
0.002100000
0.002100000
0.002100000
0.002100000
0.002100000
0.002100000
0.002100000
0.002100000
0.002100000
0.002100000
0.002100000
0.002100000
0.002100000
0.002100000
0.002100000
0.002100000
0.002100000
0.002100000
0.002100000
0.002100000
0.002100000
0.002100000
0.002100000
0.002100000
0.002100000
0.002100000
0.002100000
0.002100000
0.002100000
0.002100000
0.002100000
0.002100000
0.002100000
0.002100000
0.002100000
0.002100000
0.002100000
0.002100000
0.002100000
0.002100000
0.002100000
0.002100000
0.002100000
0.002100000
0.002100000
0.002100000
0.002100000
0.002100000
0.002100000
0.002100000
0.002100000
0.002100000
0.002100000
